3.470866230188788260e-01 3.433273438615072615e-01 1.024599999999999955e+00 -9.994680000000000231e-01
3.470866230188788260e-01 3.433273438615072615e-01 1.024599999999999955e+00 -9.994680000000000231e-01
3.451841567259496535e-01 3.433573499167889564e-01 1.012129999999999974e+00 -9.992900000000000116e-01
3.451841567259496535e-01 3.433573499167889564e-01 1.012129999999999974e+00 -9.992900000000000116e-01
3.445828394816883855e-01 3.433467209517221397e-01 1.007949999999999902e+00 -9.987319999999999531e-01
3.445828394816883855e-01 3.433467209517221397e-01 1.007949999999999902e+00 -9.987319999999999531e-01
3.442393945840553360e-01 3.433144985692640483e-01 1.005270000000000108e+00 -9.977780000000000538e-01
3.442393945840553360e-01 3.433144985692640483e-01 1.005270000000000108e+00 -9.977780000000000538e-01
3.440113319249415436e-01 3.432879018067779842e-01 1.003409999999999913e+00 -9.964739999999999709e-01
3.440113319249415436e-01 3.432879018067779842e-01 1.003409999999999913e+00 -9.964739999999999709e-01
